iso3,quarter_t,variable,treatment,note
